last_mean_reward: 425.107005
last_std_reward: 32.19579438814421
max_reward: 614.4427
min_reward: 30.7457
reward_trend_slope_per_eval: 0.8772014597839138
self_collision_pct: 87.9
wall_collision_pct: 11.5
stagnation_timeout_pct: 0.6
episode_reward_mean_last200: 369.0414975
episode_reward_std_last200: 120.40106863691827
eval_count: 642
episode_count: 60000
